# t_wall(s)  channel(octal)  value(octal)   [decoded yaAGC i/o packets]
   0.000  010  04000
   0.000  010  54000
   0.000  010  60400
   0.000  011  20000
   0.000  013  00100
   0.000  030  37777
   0.000  031  77777
   0.000  032  77777
   0.000  033  77777
   0.000  034  73777
   0.000  035  73777
   0.047  034  73777
   0.047  035  73777
   0.047  005  00000
   0.047  006  00000
   0.047  012  00000
   0.048  034  73777
   0.048  035  73777
   0.054  010  00000
   0.054  033  77777
   0.064  034  04000
   0.064  035  00400
   0.077  013  00000
   0.077  034  77777
   0.077  035  77340
   0.099  013  00100
   0.099  034  00000
   0.120  035  00000
   0.120  005  00000
   0.145  006  00000
   0.145  012  00000
   0.145  034  00000
   0.145  035  00000
   0.145  034  00000
   0.166  035  00000
   0.166  010  00000
   0.188  034  00000
   0.188  035  00000
   0.188  034  00000
   0.210  035  00000
   0.211  034  00000
   0.222  035  00000
   0.222  005  00000
   0.245  006  00000
   0.245  012  00000
   0.245  034  00000
   0.245  035  00000
   0.245  034  00000
   0.267  035  00000
   0.267  034  00000
   0.292  035  00000
   0.292  010  00000
   0.303  034  00000
   0.314  035  00000
   0.314  034  00000
   0.336  035  00000
   0.337  005  00000
   0.348  006  00000
   0.348  012  00000
   0.349  034  00000
   0.359  035  00000
   0.359  034  00000
   0.371  035  00000
   0.371  034  00000
   0.395  035  00000
   0.395  034  00000
   0.417  035  00000
   0.417  010  00000
   0.428  034  00000
   0.439  035  00000
   0.439  005  00000
   0.450  006  00000
   0.450  012  00000
   0.451  034  00000
   0.451  035  00000
   0.451  034  00000
   0.473  035  00000
   0.473  034  00000
   0.495  035  00000
   0.496  034  00000
   0.517  035  00000
   0.517  034  00000
   0.543  035  00000
   0.543  005  00000
   0.543  006  00000
   0.543  012  00000
   0.543  010  00000
   0.543  033  77777
   0.543  034  00000
   0.566  035  00000
   0.566  034  00000
   0.590  035  00000
   0.590  034  00000
   0.601  035  00000
   0.601  034  00000
   0.623  035  00000
   0.623  005  00000
   0.645  006  00000
   0.645  012  00000
   0.645  034  00000
   0.645  035  00000
   0.645  010  00000
   0.666  034  00000
   0.666  035  00000
   0.667  034  00000
   0.690  035  00000
   0.691  034  00001
   0.703  035  00000
   0.703  034  00000
   0.725  035  00000
   0.725  005  00000
   0.748  006  00000
   0.748  012  00000
   0.748  034  00000
   0.760  035  00000
   0.760  034  00000
   0.774  035  00000
   0.774  010  00000
   0.785  034  00000
   0.796  035  00000
   0.796  034  00000
   0.818  035  00000
   0.818  034  00000
   0.839  035  00000
   0.839  005  00000
   0.852  006  00000
   0.852  012  00000
   0.852  034  00000
   0.852  035  00000
   0.853  034  00000
   0.875  035  00000
   0.875  034  00000
   0.900  035  00000
   0.900  010  00000
   0.911  034  00000
   0.911  035  02000
   0.911  034  00000
   0.933  035  00000
   0.933  005  00000
   0.944  006  00000
   0.944  012  00000
   0.944  034  00000
   0.955  035  00100
   0.977  034  00000
   0.977  035  00000
   0.977  034  00000
   1.000  035  40000
   1.027  034  04000
   1.027  035  73777
   1.027  010  00000
   1.027  033  77777
   1.027  034  73777
   1.046  035  73777
   1.046  005  00000
   1.046  006  00000
   1.046  012  00000
   1.046  034  73777
   1.071  035  73777
   1.071  034  73777
   1.082  035  73777
   1.082  034  73777
   1.107  035  73777
   1.107  034  04000
   1.120  035  00400
   1.120  005  00000
   1.142  006  00000
   1.142  012  00000
   1.142  010  00000
   1.142  013  00000
   1.142  034  00000
   1.142  035  00473
   1.143  013  00100
   1.165  034  00000
   1.165  035  00000
   1.176  034  00000
   1.200  035  00000
   1.200  034  00000
   1.211  035  00000
   1.211  034  00000
   1.235  035  00000
   1.235  005  00000
   1.246  006  00000
   1.246  012  00000
   1.246  034  00000
   1.257  035  00000
   1.257  010  00000
   1.268  034  00000
   1.279  035  00000
   1.279  034  00000
   1.303  035  00000
   1.303  034  00000
   1.314  035  00000
   1.314  034  00000
   1.339  035  00000
   1.339  005  00000
   1.350  006  00000
   1.350  012  00000
   1.350  034  00000
   1.363  035  00000
   1.363  034  00000
   1.375  035  01107
   1.376  010  00000
   1.387  034  00000
   1.399  035  00000
   1.399  034  00142
   1.411  035  21316
   1.411  034  00000
   1.446  035  00000
   1.446  005  00000
   1.446  006  00000
   1.446  012  00000
   1.446  034  00000
   1.468  035  00000
   1.468  034  00000
   1.490  035  00000
   1.490  034  00000
   1.503  035  00000
   1.503  010  00000
   1.503  033  77777
   1.503  034  00000
   1.529  035  00000
   1.529  005  00000
   1.550  006  00000
   1.550  012  00000
   1.550  034  00000
   1.550  035  00000
   1.551  034  00000
   1.563  035  00000
   1.563  034  00000
   1.585  035  00000
   1.586  034  00000
   1.607  035  00000
   1.607  010  00000
   1.629  034  00000
   1.630  035  00000
   1.630  005  00000
   1.641  006  00000
   1.641  012  00000
   1.641  034  00000
   1.641  035  00000
   1.641  034  00000
   1.663  035  00000
   1.664  034  00000
   1.696  035  00000
   1.696  034  00000
   1.718  035  00000
   1.718  034  00000
   1.730  035  00000
   1.730  005  00000
   1.742  006  00000
   1.742  012  00000
   1.742  010  00000
   1.742  034  03245
   1.754  035  00000
   1.754  034  37411
   1.777  035  36040
   1.777  034  00000
   1.799  035  00000
   1.799  034  00000
   1.821  035  00000
   1.821  034  00000
   1.832  035  00000
   1.832  005  00000
   1.842  006  00000
   1.842  012  00000
   1.842  034  00000
   1.853  035  00000
   1.853  010  00000
   1.866  034  00000
   1.877  035  00000
   1.877  034  00000
   1.902  035  00000
   1.902  034  00000
   1.914  035  00000
   1.914  034  00000
   1.947  035  00000
   1.947  005  00000
   1.947  006  00000
   1.947  012  00000
   1.947  034  00000
   1.969  035  00000
   1.969  034  20000
   1.981  035  00000
   1.981  010  00000
   1.981  033  77777
   1.981  034  00100
   2.004  035  00000
   2.030  034  37777
   2.031  035  77777
   2.031  005  00000
   2.049  006  00000
   2.049  012  00000
   2.049  034  77777
   2.049  035  77777
   2.049  034  04000
   2.061  035  73777
   2.061  034  73777
   2.086  035  73777
   2.086  010  00000
   2.112  034  73777
   2.112  035  73777
   2.112  034  73777
   2.124  035  73777
   2.124  005  00000
   2.146  006  00000
   2.146  012  00000
   2.146  034  73777
   2.146  035  73777
   2.146  034  04000
   2.169  035  00400
   2.169  013  00000
   2.190  034  77777
   2.190  035  77340
   2.191  013  00100
   2.213  034  00000
   2.213  035  00000
   2.213  010  00000
   2.226  034  00000
   2.237  035  00000
   2.237  005  00000
   2.248  006  00000
   2.248  012  00000
   2.248  034  00000
   2.260  035  00000
   2.260  034  00000
   2.272  035  00000
   2.272  034  00000
   2.294  035  00000
   2.294  034  00000
   2.320  035  00000
   2.320  034  00000
   2.333  035  00000
   2.333  005  00000
   2.345  006  00000
   2.345  012  00000
   2.345  010  00000
   2.345  034  00000
   2.356  035  00000
   2.356  034  00000
   2.382  035  00000
   2.382  034  00000
   2.405  035  00000
   2.405  034  00000
   2.427  035  00000
   2.427  005  00000
   2.450  006  00000
   2.450  012  00000
   2.450  034  00000
   2.450  035  00000
   2.450  010  00000
   2.462  033  77777
   2.462  034  00000
   2.462  035  00000
   2.462  034  00000
   2.483  035  00000
   2.483  034  00000
   2.507  035  00000
   2.519  034  00000
   2.529  035  00000
   2.529  005  00000
   2.540  006  00000
   2.540  012  00000
   2.541  034  00000
   2.541  035  00000
   2.541  034  00000
   2.563  035  00000
   2.563  010  00000
   2.586  034  00000
   2.587  035  00000
   2.587  034  00000
   2.608  035  00000
   2.620  034  00000
   2.631  035  00000
   2.631  005  00000
   2.644  006  00000
   2.644  012  00000
   2.644  034  00000
   2.655  035  00000
   2.655  034  00000
   2.679  035  00000
   2.679  034  00000
   2.692  035  00000
   2.692  010  00000
   2.704  034  00000
   2.715  035  00000
   2.715  034  00000
   2.737  035  00000
   2.737  005  00000
   2.747  006  00000
   2.747  012  00000
   2.747  034  00000
   2.758  035  00000
   2.758  034  00000
   2.782  035  00000
   2.782  034  00001
   2.794  035  00000
   2.794  034  00000
   2.816  035  00000
   2.817  010  00000
   2.827  034  00000
   2.840  035  00000
   2.840  005  00000
   2.852  006  00000
   2.852  012  00000
   2.852  034  00000
   2.864  035  00000
   2.864  034  00000
   2.890  035  00000
   2.890  034  00000
   2.901  035  00000
   2.901  034  00000
   2.924  035  00000
   2.924  005  00000
   2.947  006  00000
   2.947  012  00000
   2.947  010  00000
   2.947  033  77777
   2.947  034  00000
   2.947  035  00000
   2.948  034  00000
   2.971  035  00000
   2.971  034  00000
   2.982  035  00000
   2.982  034  00000
   3.006  035  02000
   3.033  034  00000
   3.033  035  00000
   3.033  005  00000
   3.049  006  00000
   3.049  012  00000
   3.049  034  00000
   3.049  035  00100
   3.049  010  00000
   3.061  034  00000
   3.061  035  00000
   3.061  034  00000
   3.085  035  40000
   3.085  034  04000
   3.117  035  73777
   3.117  034  73777
   3.139  035  73777
   3.139  005  00000
   3.150  006  00000
   3.150  012  00000
   3.150  034  73777
   3.150  035  73777
   3.151  034  73777
   3.172  035  73777
   3.172  010  00000
   3.183  034  73777
   3.195  035  73777
   3.195  034  04000
   3.219  035  00400
   3.220  013  00000
   3.231  034  00000
   3.231  035  01013
   3.231  005  00000
   3.242  006  00000
   3.242  012  00000
   3.242  013  00100
   3.255  034  00000
   3.255  035  00000
   3.255  034  00000
   3.277  035  00000
   3.277  034  00000
   3.300  035  00000
   3.300  010  00000
   3.311  034  00000
   3.324  035  00000
   3.324  005  00000
   3.348  006  00000
   3.348  012  00000
   3.348  034  00000
   3.348  035  00000
   3.349  034  00000
   3.361  035  00000
   3.361  034  00000
   3.384  035  00000
   3.384  034  00000
   3.406  035  00000
   3.406  010  00000
   3.429  033  77777
   3.429  034  00000
   3.429  035  00000
   3.429  005  00000
   3.441  006  00000
   3.441  012  00000
   3.441  034  00000
   3.441  035  00000
   3.441  034  00000
   3.464  035  01107
   3.464  034  00000
   3.487  035  00000
   3.487  034  00142
   3.509  035  21316
   3.510  034  00000
   3.533  035  00000
   3.533  005  00000
   3.544  006  00000
   3.544  012  00000
   3.544  010  00000
   3.544  034  00000
   3.555  035  00000
   3.556  034  00000
   3.579  035  00000
   3.579  034  00000
   3.590  035  00000
   3.590  034  00000
   3.613  035  00000
   3.613  034  00000
   3.635  035  00000
   3.635  005  00000
   3.646  006  00000
   3.646  012  00000
   3.646  034  00000
   3.659  035  00000
   3.659  010  00000
   3.670  034  00000
   3.680  035  00000
   3.680  034  00000
   3.692  035  00000
   3.692  034  00000
   3.717  035  00000
   3.717  034  00000
   3.738  035  00000
   3.738  005  00000
   3.748  006  00000
   3.748  012  00000
   3.748  034  00000
   3.760  035  00000
   3.760  034  00000
   3.782  035  00000
   3.782  010  00000
   3.782  034  00000
   3.804  035  00000
   3.804  034  00000
   3.826  035  00000
   3.827  005  00000
   3.851  006  00000
   3.851  012  00000
   3.851  034  03245
   3.851  035  00000
   3.851  034  37411
   3.862  035  36040
   3.862  034  00000
   3.884  035  00000
   3.884  010  00000
   3.905  033  77777
   3.906  034  00000
   3.906  035  00000
   3.906  034  00000
   3.932  035  00000
   3.932  005  00000
   3.944  006  00000
   3.944  012  00000
   3.944  034  00000
   3.944  035  00000
   3.944  034  00000
   3.968  035  00000
   3.968  034  00000
   3.991  035  00000
   3.991  034  00000
   4.015  035  00000
   4.042  010  00000
   4.042  034  00000
   4.042  035  00000
   4.042  005  00000
   4.050  006  00000
   4.050  012  00000
   4.050  034  00000
   4.050  035  00000
   4.050  034  20000
   4.072  035  00000
   4.072  034  00100
   4.098  035  00000
   4.098  034  37777
   4.119  035  77777
   4.119  034  77777
   4.140  035  77777
   4.140  005  00000
   4.140  006  00000
   4.140  012  00000
   4.140  010  00000
   4.140  034  04000
   4.154  035  73777
   4.154  034  73777
   4.175  035  73777
   4.175  034  73777
   4.199  035  73777
   4.199  034  73777
   4.222  035  73777
   4.222  034  73777
   4.233  035  73777
   4.244  005  00000
   4.244  006  00000
   4.244  012  00000
   4.244  034  04000
   4.265  035  00400
   4.265  010  00000
   4.265  013  00000
   4.289  034  77777
   4.289  035  77340
   4.289  013  00100
   4.310  034  00000
   4.310  035  00000
   4.310  034  00000
   4.324  035  00000
   4.324  005  00000
   4.348  006  00000
   4.348  012  00000
   4.348  034  00000
   4.348  035  00000
   4.348  034  00000
   4.369  035  00000
   4.370  010  00000
   4.380  033  77777
   4.380  034  00000
   4.380  035  00000
   4.380  034  00000
   4.402  035  00000
   4.402  034  00000
   4.424  035  00000
   4.424  005  00000
   4.447  006  00000
   4.447  012  00000
   4.447  034  00000
   4.447  035  00000
   4.448  034  00000
   4.480  035  00000
   4.480  034  00000
   4.492  035  00000
   4.492  010  00000
   4.503  034  00000
   4.513  035  00000
   4.514  034  00000
   4.536  035  00000
   4.536  005  00000
   4.546  006  00000
   4.546  012  00000
   4.547  034  00000
   4.559  035  00000
   4.559  034  00000
   4.570  035  00000
   4.571  034  00000
   4.592  035  00000
   4.592  034  00000
   4.615  035  00000
   4.615  010  00000
   4.625  034  00000
   4.637  035  00000
   4.637  005  00000
   4.650  006  00000
   4.650  012  00000
   4.650  034  00000
   4.660  035  00000
   4.660  034  00000
   4.671  035  00000
   4.671  034  00000
   4.695  035  00000
   4.696  034  00000
   4.731  035  00000
   4.731  005  00000
   4.742  006  00000
   4.742  012  00000
   4.742  010  00000
   4.742  034  00000
   4.742  035  00000
   4.742  034  00000
   4.767  035  00000
   4.767  034  00000
   4.790  035  00000
   4.790  034  00000
   4.802  035  00000
   4.802  034  00000
   4.825  035  00000
   4.825  005  00000
   4.846  006  00000
   4.846  012  00000
   4.846  034  00000
   4.858  035  00000
   4.859  010  00000
   4.870  033  77777
   4.870  034  00000
   4.880  035  00000
   4.880  034  00001
   4.891  035  00000
   4.892  034  00000
   4.916  035  00000
   4.916  034  00000
   4.938  035  00000
   4.938  005  00000
   4.950  006  00000
   4.950  012  00000
   4.950  034  00000
   4.950  035  00000
   4.950  034  00000
   4.972  035  00000
   4.972  010  00000
   4.983  034  00000
   4.994  035  00000
   4.994  034  00000
   5.063  035  00000
   5.089  034  00000
   5.089  035  00000
   5.089  005  00000
   5.089  006  00000
   5.089  012  00000
   5.089  034  00000
   5.089  035  00000
   5.089  034  00000
   5.089  035  00000
   5.089  034  00000
   5.106  035  02000
   5.106  010  00000
   5.107  034  00000
   5.129  035  00000
   5.129  005  00000
   5.154  006  00000
   5.154  012  00000
   5.154  034  00000
   5.154  035  00100
   5.154  034  00000
   5.166  035  00000
   5.166  034  00000
   5.190  035  40000
   5.190  034  04000
   5.202  035  73777
   5.202  010  00000
   5.224  034  73777
   5.224  035  73777
   5.224  005  00000
   5.247  006  00000
   5.247  012  00000
   5.247  034  73777
   5.247  035  73777
   5.247  034  73777
   5.270  035  73777
   5.270  034  73777
   5.281  035  73777
   5.281  034  04000
   5.304  035  00400
   5.305  013  00000
   5.328  034  00000
   5.328  035  01335
   5.328  005  00000
   5.349  006  00000
   5.349  012  00000
   5.349  010  00000
   5.349  033  77777
   5.349  013  00100
   5.360  034  00000
   5.360  035  00000
   5.360  034  00000
   5.371  035  00000
   5.372  034  00000
   5.395  035  00000
   5.395  034  00000
   5.417  035  00000
   5.417  034  00000
   5.441  035  00000
   5.441  005  00000
   5.441  006  00000
   5.441  012  00000
   5.441  034  00000
   5.452  035  00000
   5.452  010  00000
   5.463  034  00000
   5.475  035  00000
   5.475  034  00000
   5.492  035  00000
   5.492  034  00000
   5.514  035  00000
   5.514  034  00000
   5.547  035  00000
   5.547  005  00000
   5.547  006  00000
   5.547  012  00000
   5.547  034  00000
   5.572  035  01107
   5.572  034  00000
   5.583  035  00000
   5.583  010  00000
   5.583  034  00142
   5.605  035  21316
   5.605  034  00000
   5.629  035  00000
   5.629  005  00000
   5.650  006  00000
   5.650  012  00000
   5.650  034  00000
   5.650  035  00000
   5.650  034  00000
   5.661  035  00000
   5.661  034  00000
   5.684  035  00000
   5.684  010  00000
   5.706  034  00000
   5.706  035  00000
   5.706  034  00000
   5.728  035  00000
   5.728  005  00000
   5.750  006  00000
   5.750  012  00000
   5.750  034  00000
   5.750  035  00000
   5.750  034  00000
   5.761  035  00000
   5.761  034  00000
   5.784  035  00000
   5.784  034  00000
   5.819  035  00000
   5.819  010  00000
   5.830  033  77777
   5.830  034  00000
   5.830  035  00000
   5.830  005  00000
   5.843  006  00000
   5.843  012  00000
   5.843  034  00000
   5.854  035  00000
   5.854  034  00000
   5.875  035  00000
   5.875  034  00000
   5.899  035  00000
   5.899  034  00000
   5.920  035  00000
   5.920  034  03245
   5.932  035  00000
   5.932  005  00000
   5.943  006  00000
   5.943  012  00000
   5.943  010  00000
   5.944  034  37411
   5.955  035  36040
   5.955  034  00000
   5.977  035  00000
   5.977  034  00000
   6.000  035  00000
   6.000  034  00000
   6.010  035  00000
   6.011  034  00000
   6.042  035  00000
   6.042  005  00000
   6.042  006  00000
   6.042  012  00000
   6.042  034  00000
   6.064  035  00000
   6.064  010  00000
   6.090  034  00000
   6.091  035  00000
   6.091  034  00000
   6.111  035  00000
   6.111  034  00000
   6.122  035  00000
   6.122  005  00000
   6.144  006  00000
   6.144  012  00000
   6.144  034  00000
   6.144  035  00000
   6.144  034  20000
   6.168  035  00000
   6.168  010  00000
   6.181  034  00100
   6.182  035  00000
   6.182  034  37777
   6.206  035  77777
   6.206  034  77777
   6.229  035  77777
   6.229  005  00000
   6.240  006  00000
   6.240  012  00000
   6.241  034  04000
   6.241  035  73777
   6.241  034  73777
   6.275  035  73777
   6.275  034  73777
   6.297  035  73777
   6.297  010  00000
   6.309  033  77777
   6.310  034  73777
   6.320  035  73777
   6.320  034  73777
   6.332  035  73777
   6.332  005  00000
   6.343  006  00000
   6.343  012  00000
   6.343  034  04000
   6.354  035  00400
   6.354  013  00000
   6.377  034  77777
   6.377  035  77340
   6.377  013  00100
   6.402  034  00000
   6.402  035  00000
   6.402  034  00000
   6.414  035  00000
   6.414  010  00000
   6.425  034  00000
   6.435  035  00000
   6.436  005  00000
   6.446  006  00000
   6.446  012  00000
   6.446  034  00000
   6.459  035  00000
   6.459  034  00000
   6.471  035  00000
   6.471  034  00000
   6.504  035  00000
   6.505  034  00000
   6.528  035  00000
   6.528  005  00000
   6.551  006  00000
   6.551  012  00000
   6.551  010  00000
   6.551  034  00000
   6.551  035  00000
   6.551  034  00000
   6.563  035  00000
   6.563  034  00000
   6.585  035  00000
   6.585  034  00000
   6.607  035  00000
   6.607  034  00000
   6.630  035  00000
   6.630  005  00000
   6.641  006  00000
   6.641  012  00000
   6.641  034  00000
   6.642  035  00000
   6.642  010  00000
   6.663  034  00000
   6.674  035  00000
   6.674  034  00000
   6.697  035  00000
   6.697  034  00000
   6.720  035  00000
   6.720  034  00000
   6.731  035  00000
   6.731  005  00000
   6.745  006  00000
   6.745  012  00000
   6.745  034  00000
   6.757  035  00000
   6.757  034  00000
   6.778  035  00000
   6.779  010  00000
   6.790  033  77777
   6.790  034  00000
   6.800  035  00000
   6.800  034  00000
   6.814  035  00000
   6.814  034  00000
   6.840  035  00000
   6.840  005  00000
   6.840  006  00000
   6.840  012  00000
   6.840  034  00000
   6.851  035  00000
   6.851  034  00000
   6.874  035  00000
   6.874  034  00000
   6.895  035  00000
   6.896  010  00000
   6.906  034  00000
   6.917  035  00000
   6.917  034  00000
   6.941  035  00000
   6.941  005  00000
   6.941  006  00000
   6.941  012  00000
   6.941  034  00000
   6.965  035  00000
   6.965  034  00001
   6.989  035  00000
   6.989  034  00000
   7.011  035  00000
   7.011  010  00000
   7.022  034  00000
   7.022  035  00000
   7.023  005  00000
   7.044  006  00000
   7.044  012  00000
   7.044  034  00000
   7.044  035  00000
   7.045  034  00000
   7.069  035  00000
   7.097  034  00000
   7.097  035  00000
   7.097  034  00000
   7.104  035  00000
   7.127  034  00000
   7.127  035  00000
   7.127  005  00000
   7.149  006  00000
   7.149  012  00000
   7.149  010  00000
   7.149  034  00000
   7.149  035  00000
   7.149  034  00000
   7.172  035  00000
   7.172  034  00000
   7.195  035  02000
   7.195  034  00000
   7.218  035  00000
   7.218  034  00000
   7.240  035  00100
   7.240  005  00000
   7.240  006  00000
   7.240  012  00000
   7.240  034  00000
   7.253  035  00000
   7.253  010  00000
   7.264  033  77777
   7.265  034  00000
   7.275  035  40000
   7.275  034  04000
   7.297  035  73777
   7.297  034  73777
   7.321  035  73777
   7.321  034  73777
   7.334  035  73777
   7.334  005  00000
   7.344  006  00000
   7.344  012  00000
   7.345  034  73777
   7.358  035  73777
   7.358  034  73777
   7.382  035  73777
   7.382  010  00000
   7.382  034  04000
   7.394  035  00400
   7.394  013  00000
   7.416  034  00000
   7.416  035  01656
   7.416  013  00100
   7.439  034  00000
   7.449  035  00000
   7.449  005  00000
   7.449  006  00000
   7.449  012  00000
   7.449  034  00000
   7.470  035  00000
   7.470  034  00000
   7.483  035  00000
   7.483  010  00000
   7.505  034  00000
   7.505  035  00000
   7.505  034  00000
   7.529  035  00000
   7.529  005  00000
   7.541  006  00000
   7.541  012  00000
   7.541  034  00000
   7.541  035  00000
   7.541  034  00000
   7.562  035  00000
   7.562  034  00000
   7.585  035  00000
   7.585  034  00000
   7.607  035  00000
   7.607  010  00000
   7.629  034  00000
   7.630  035  00000
   7.630  005  00000
   7.643  006  00000
   7.643  012  00000
   7.643  034  00000
   7.643  035  01107
   7.643  034  00000
   7.675  035  00000
   7.675  034  00142
   7.696  035  21316
   7.696  034  00000
   7.720  035  00000
   7.720  034  00000
   7.731  035  00000
   7.731  005  00000
   7.742  006  00000
   7.742  012  00000
   7.742  010  00000
   7.742  033  77777
   7.742  034  00000
   7.755  035  00000
   7.755  034  00000
   7.779  035  00000
   7.779  034  00000
   7.793  035  00000
   7.793  034  00000
   7.815  035  00000
   7.815  034  00000
   7.836  035  00000
   7.836  005  00000
   7.847  006  00000
   7.847  012  00000
   7.847  034  00000
   7.859  035  00000
   7.859  010  00000
   7.871  034  00000
   7.872  035  00000
   7.872  034  00000
   7.895  035  00000
   7.896  034  00000
   7.930  035  00000
   7.930  005  00000
   7.941  006  00000
   7.941  012  00000
   7.941  034  00000
   7.941  035  00000
   7.941  034  00000
   7.966  035  00000
   7.966  010  00000
   7.989  034  00000
   7.989  035  00000
   7.989  034  00000
   8.003  035  00000
   8.003  034  03245
   8.024  035  00000
   8.024  005  00000
   8.048  006  00000
   8.048  012  00000
   8.048  034  37411
   8.048  035  36040
   8.048  034  00000
   8.071  035  00000
   8.098  034  00000
   8.098  035  00000
   8.098  010  00000
   8.105  034  00000
   8.116  035  00000
   8.116  034  00000
   8.140  035  00000
   8.140  005  00000
   8.152  006  00000
   8.152  012  00000
   8.152  034  00000
   8.152  035  00000
   8.152  034  00000
   8.173  035  00000
   8.174  034  00000
   8.197  035  00000
   8.197  034  00000
   8.218  035  00000
   8.218  010  00000
   8.229  033  77777
   8.229  034  00000
   8.240  035  00000
   8.240  005  00000
   8.253  006  00000
   8.253  012  00000
   8.253  034  20000
   8.253  035  00000
   8.253  034  00100
   8.277  035  00000
   8.277  034  37777
   8.300  035  77777
   8.301  034  77777
   8.311  035  77777
   8.311  034  04000
   8.344  035  73777
   8.344  005  00000
   8.344  006  00000
   8.344  012  00000
   8.344  010  00000
   8.344  034  73777
   8.365  035  73777
   8.366  034  73777
   8.388  035  73777
   8.388  034  73777
   8.409  035  73777
   8.410  034  73777
   8.421  035  73777
   8.421  005  00000
   8.442  006  00000
   8.442  012  00000
   8.442  034  04000
   8.442  035  00400
   8.443  010  00000
   8.464  013  00000
   8.464  034  77777
   8.464  035  77340
   8.464  013  00100
   8.487  034  00000
   8.487  035  00000
   8.487  034  00000
   8.511  035  00000
   8.511  034  00000
   8.522  035  00000
   8.522  005  00000
   8.544  006  00000
   8.544  012  00000
   8.544  034  00000
   8.555  035  00000
   8.555  034  00000
   8.580  035  00000
   8.580  010  00000
   8.580  034  00000
   8.591  035  00000
   8.591  034  00000
   8.612  035  00000
   8.612  034  00000
   8.634  035  00000
   8.634  005  00000
   8.645  006  00000
   8.645  012  00000
   8.645  034  00000
   8.657  035  00000
   8.657  034  00000
   8.679  035  00000
   8.679  034  00000
   8.691  035  00000
   8.691  010  00000
   8.701  033  77777
   8.701  034  00000
   8.713  035  00000
   8.713  034  00000
   8.734  035  00000
   8.734  005  00000
   8.745  006  00000
   8.745  012  00000
   8.745  034  00000
   8.756  035  00000
   8.756  034  00000
   8.778  035  00000
   8.778  034  00000
   8.809  035  00000
   8.809  034  00000
   8.821  035  00000
   8.821  010  00000
   8.821  005  00000
   8.843  006  00000
   8.843  012  00000
   8.843  034  00000
   8.843  035  00000
   8.843  034  00000
   8.867  035  00000
   8.867  034  00000
   8.890  035  00000
   8.890  034  00000
   8.901  035  00000
   8.901  034  00000
   8.923  035  00000
   8.923  005  00000
   8.946  006  00000
   8.946  012  00000
   8.946  010  00000
   8.946  034  00000
   8.946  035  00000
   8.946  034  00000
   8.970  035  00000
   8.970  034  00000
   8.981  035  00000
   8.982  034  00000
   9.017  035  00000
   9.017  034  00000
   9.040  035  00000
   9.040  005  00000
   9.040  006  00000
   9.040  012  00000
   9.040  034  00000
   9.051  035  00000
   9.051  010  00000
   9.063  034  00001
   9.074  035  00000
   9.100  034  00000
   9.101  035  00000
   9.101  034  00000
   9.120  035  00000
   9.120  034  00000
   9.134  035  00000
   9.134  005  00000
   9.144  006  00000
   9.144  012  00000
   9.144  034  00000
   9.158  035  00000
   9.158  034  00000
   9.171  035  00000
   9.171  010  00000
   9.182  033  77777
   9.182  034  00000
   9.194  035  00000
   9.194  034  00000
   9.215  035  00000
   9.215  034  00000
   9.237  035  00000
   9.237  005  00000
   9.249  006  00000
   9.249  012  00000
   9.249  034  00000
   9.261  035  00000
   9.261  034  00000
   9.285  035  02000
   9.285  034  00000
   9.307  035  00000
   9.307  010  00000
   9.307  034  00000
   9.329  035  00100
   9.329  005  00000
   9.352  006  00000
   9.352  012  00000
   9.352  034  00000
   9.352  035  00000
   9.352  034  00000
   9.363  035  40000
   9.363  034  04000
   9.385  035  73777
   9.385  034  73777
   9.409  035  73777
   9.409  010  00000
   9.430  034  73777
   9.430  035  73777
   9.430  005  00000
   9.444  006  00000
   9.444  012  00000
   9.444  034  73777
   9.444  035  73777
   9.444  034  73777
   9.466  035  73777
   9.466  034  04000
   9.488  035  00400
   9.488  013  00000
   9.509  034  00000
   9.509  035  02177
   9.509  013  00100
   9.521  034  00000
   9.532  035  00000
   9.532  005  00000
   9.544  006  00000
   9.544  012  00000
   9.544  010  00000
   9.544  034  00000
   9.555  035  00000
   9.555  034  00000
   9.577  035  00000
   9.577  034  00000
   9.599  035  00000
   9.599  034  00000
   9.621  035  00000
   9.621  034  00000
   9.632  035  00000
   9.632  005  00000
   9.644  006  00000
   9.644  012  00000
   9.644  034  00000
   9.656  035  00000
   9.656  010  00000
   9.666  033  77777
   9.666  034  00000
   9.677  035  00000
   9.677  034  00000
   9.699  035  00000
   9.699  034  00000
   9.712  035  00000
   9.712  034  00000
   9.748  035  01107
   9.748  005  00000
   9.748  006  00000
   9.748  012  00000
   9.748  034  00000
   9.772  035  00000
   9.773  034  00142
   9.784  035  21316
   9.784  010  00000
   9.784  034  00000
   9.807  035  00000
   9.807  034  00000
   9.830  035  00000
   9.830  005  00000
   9.843  006  00000
   9.843  012  00000
   9.843  034  00000
   9.843  035  00000
   9.843  034  00000
   9.866  035  00000
   9.866  034  00000
   9.890  035  00000
   9.890  010  00000
   9.901  034  00000
   9.901  035  00000
   9.901  034  00000
   9.925  035  00000
   9.925  005  00000
   9.947  006  00000
   9.947  012  00000
   9.947  034  00000
   9.947  035  00000
   9.947  034  00000
   9.971  035  00000
   9.971  034  00000
   9.982  035  00000
   9.982  034  00000
  10.015  035  00000
  10.015  010  00000
  10.027  034  00000
  10.038  035  00000
  10.038  005  00000
  10.050  006  00000
  10.050  012  00000
  10.050  034  00000
  10.050  035  00000
  10.050  034  00000
  10.074  035  00000
  10.074  034  00000
  10.096  035  00000
  10.123  034  03245
  10.123  035  00000
  10.123  034  37411
  10.132  035  36040
  10.132  005  00000
  10.144  006  00000
  10.144  012  00000
  10.144  010  00000
  10.144  033  77777
  10.144  034  00000
  10.155  035  00000
  10.155  034  00000
  10.176  035  00000
  10.200  034  00000
  10.200  035  00000
  10.201  034  00000
  10.223  035  00000
  10.223  005  00000
  10.247  006  00000
  10.247  012  00000
  10.247  034  00000
  10.247  035  00000
  10.247  010  00000
  10.261  034  00000
  10.261  035  00000
  10.261  034  00000
  10.282  035  00000
  10.282  034  00000
  10.308  035  00000
  10.309  034  00000
  10.331  035  00000
  10.331  005  00000
  10.344  006  00000
  10.344  012  00000
  10.344  034  20000
  10.344  035  00000
  10.344  034  00100
  10.378  035  00000
  10.378  010  00000
  10.389  034  37777
  10.400  035  77777
  10.401  034  77777
  10.412  035  77777
  10.412  034  04000
  10.435  035  73777
  10.435  005  00000
  10.447  006  00000
  10.447  012  00000
  10.447  034  73777
  10.460  035  73777
  10.460  034  73777
  10.472  035  73777
  10.472  034  73777
  10.495  035  73777
  10.495  010  00000
  10.506  034  73777
  10.517  035  73777
  10.517  034  04000
  10.539  035  00400
  10.539  005  00000
  10.549  006  00000
  10.549  012  00000
  10.549  013  00000
  10.561  034  77777
  10.561  035  77340
  10.561  013  00100
  10.573  034  00000
  10.584  035  00000
  10.584  034  00000
  10.606  035  00000
  10.606  034  00000
  10.628  035  00000
  10.628  010  00000
  10.628  033  77777
  10.628  005  00000
  10.650  006  00000
  10.650  012  00000
  10.650  034  00000
  10.650  035  00000
  10.650  034  00000
  10.661  035  00000
  10.661  034  00000
  10.683  035  00000
  10.683  034  00000
  10.705  035  00000
  10.705  034  00000
  10.727  035  00000
  10.727  005  00000
  10.749  006  00000
  10.749  012  00000
  10.749  010  00000
  10.749  034  00000
  10.749  035  00000
  10.749  034  00000
  10.761  035  00000
  10.761  034  00000
  10.784  035  00000
  10.784  034  00000
  10.806  035  00000
  10.817  034  00000
  10.838  035  00000
  10.838  005  00000
  10.849  006  00000
  10.849  012  00000
  10.849  034  00000
  10.860  035  00000
  10.860  010  00000
  10.860  034  00000
  10.871  035  00000
  10.872  034  00000
  10.894  035  00000
  10.894  034  00000
  10.916  035  00000
  10.916  034  00000
  10.939  035  00000
  10.939  005  00000
  10.950  006  00000
  10.950  012  00000
  10.950  034  00000
  10.950  035  00000
  10.950  034  00000
  10.972  035  00000
  10.972  010  00000
  10.982  034  00000
  10.994  035  00000
  10.994  034  00000
  11.015  035  00000
  11.015  034  00000
  11.037  035  00000
  11.037  005  00000
  11.047  006  00000
  11.047  012  00000
  11.047  034  00000
  11.059  035  00000
  11.059  034  00000
  11.080  035  00000
  11.080  034  00000
  11.102  035  00000
  11.102  010  00000
  11.102  033  77777
  11.129  034  00000
  11.130  035  00000
  11.130  005  00000
  11.147  006  00000
  11.147  012  00000
  11.147  034  00000
  11.147  035  00000
  11.148  034  00001
  11.161  035  00000
  11.161  034  00000
  11.184  035  00000
  11.184  034  00000
  11.206  035  00000
  11.206  010  00000
  11.227  034  00000
  11.228  035  00000
  11.228  005  00000
  11.249  006  00000
  11.249  012  00000
  11.249  034  00000
  11.249  035  00000
  11.249  034  00000
  11.269  035  00000
  11.269  034  00000
  11.310  035  00000
  11.311  034  00000
  11.313  035  00000
  11.313  034  00000
  11.335  035  00000
  11.335  005  00000
  11.346  006  00000
  11.346  012  00000
  11.346  010  00000
  11.346  034  00000
  11.357  035  00000
  11.357  034  00000
  11.379  035  02000
  11.379  034  00000
  11.402  035  00000
  11.402  034  00000
  11.415  035  00100
  11.416  034  00000
  11.439  035  00000
  11.440  005  00000
  11.452  006  00000
  11.452  012  00000
  11.452  034  00000
  11.452  035  40000
  11.452  010  00000
  11.463  034  04000
  11.475  035  73777
  11.475  034  73777
  11.498  035  73777
  11.498  034  73777
  11.519  035  73777
  11.520  034  73777
  11.530  035  73777
  11.531  005  00000
  11.541  006  00000
  11.541  012  00000
  11.541  034  73777
  11.552  035  73777
  11.552  034  04000
  11.574  035  00400
  11.574  010  00000
  11.585  033  77777
  11.585  013  00000
  11.607  034  00000
  11.607  035  02520
  11.607  013  00100
  11.631  034  00000
  11.631  035  00000
  11.631  005  00000
  11.642  006  00000
  11.642  012  00000
  11.642  034  00000
  11.642  035  00000
  11.642  034  00000
  11.664  035  00000
  11.664  034  00000
  11.687  035  00000
  11.687  010  00000
  11.711  034  00000
  11.711  035  00000
  11.711  034  00000
  11.722  035  00000
  11.723  005  00000
  11.744  006  00000
  11.744  012  00000
  11.744  034  00000
  11.744  035  00000
  11.744  034  00000
  11.767  035  00000
  11.767  034  00000
  11.788  035  00000
  11.800  034  00000
  11.811  035  00000
  11.811  010  00000
  11.823  034  00000
  11.834  035  01107
  11.834  005  00000
  11.846  006  00000
  11.846  012  00000
  11.846  034  00000
  11.857  035  00000
  11.857  034  00142
  11.879  035  21316
  11.879  034  00000
  11.892  035  00000
  11.892  034  00000
  11.915  035  00000
  11.915  034  00000
  11.938  035  00000
  11.938  005  00000
  11.949  006  00000
  11.949  012  00000
  11.949  010  00000
  11.949  034  00000
  11.960  035  00000
  11.960  034  00000
  11.974  035  00000
  11.974  034  00000
  12.002  035  00000
  12.002  034  00000
  12.014  035  00000
  12.014  034  00000
  12.037  035  00000
  12.037  005  00000
  12.048  006  00000
  12.048  012  00000
  12.048  034  00000
  12.061  035  00000
  12.061  010  00000
  12.061  033  77777
  12.061  034  00000
  12.082  035  00000
  12.083  034  00000
  12.106  035  00000
  12.132  034  00000
  12.132  035  00000
  12.132  005  00000
  12.150  006  00000
  12.150  012  00000
  12.150  034  00000
  12.150  035  00000
  12.150  034  00000
  12.162  035  00000
  12.162  010  00000
  12.185  034  00000
  12.186  035  00000
  12.186  034  03245
  12.208  035  00000
  12.208  034  37411
  12.229  035  36040
  12.229  005  00000
  12.240  006  00000
  12.240  012  00000
  12.240  034  00000
  12.240  035  00000
  12.240  034  00000
  12.274  035  00000
  12.274  034  00000
  12.295  035  00000
  12.295  010  00000
  12.306  034  00000
  12.317  035  00000
  12.317  034  00000
  12.342  035  00000
  12.342  005  00000
  12.343  006  00000
  12.343  012  00000
  12.343  034  00000
  12.354  035  00000
  12.354  034  00000
  12.376  035  00000
  12.376  034  00000
  12.399  035  00000
  12.399  034  00000
  12.411  035  00000
  12.411  010  00000
  12.424  034  20000
  12.435  035  00000
  12.435  005  00000
  12.445  006  00000
  12.445  012  00000
  12.445  034  00100
  12.459  035  00000
  12.459  034  37777
  12.471  035  77777
  12.471  034  77777
  12.507  035  77777
  12.507  034  04000
  12.530  035  73777
  12.530  005  00000
  12.544  006  00000
  12.544  012  00000
  12.544  010  00000
  12.544  033  77777
  12.544  034  73777
  12.544  035  73777
  12.544  034  73777
  12.565  035  73777
  12.565  034  73777
  12.587  035  73777
  12.587  034  73777
  12.609  035  73777
  12.609  034  04000
  12.630  035  00400
  12.631  005  00000
  12.641  006  00000
  12.641  012  00000
  12.641  013  00000
  12.641  034  77777
  12.641  035  77340
  12.641  010  00000
  12.663  013  00100
  12.663  034  00000
  12.675  035  00000
  12.675  034  00000
  12.698  035  00000
  12.698  034  00000
  12.720  035  00000
  12.720  034  00000
  12.732  035  00000
  12.733  005  00000
  12.743  006  00000
  12.743  012  00000
  12.743  034  00000
  12.754  035  00000
  12.754  034  00000
  12.777  035  00000
  12.777  010  00000
  12.788  034  00000
  12.800  035  00000
  12.800  034  00000
  12.811  035  00000
  12.811  034  00000
  12.837  035  00000
  12.837  005  00000
  12.848  006  00000
  12.848  012  00000
  12.848  034  00000
  12.859  035  00000
  12.859  034  00000
  12.880  035  00000
  12.880  034  00000
  12.902  035  00000
  12.902  010  00000
  12.902  034  00000
  12.924  035  00000
  12.924  005  00000
  12.946  006  00000
  12.946  012  00000
  12.946  034  00000
  12.946  035  00000
  12.947  034  00000
  12.970  035  00000
  12.971  034  00000
  12.982  035  00000
  12.982  034  00000
  13.007  035  00000
  13.008  010  00000
  13.029  033  77777
  13.029  034  00000
  13.029  035  00000
  13.029  005  00000
  13.050  006  00000
  13.050  012  00000
  13.050  034  00000
  13.050  035  00000
  13.050  034  00000
  13.062  035  00000
  13.062  034  00000
  13.083  035  00000
  13.084  034  00000
  13.105  035  00000
  13.105  034  00000
  13.138  035  00000
  13.165  005  00000
  13.165  006  00000
  13.165  012  00000
  13.165  010  00000
  13.165  034  00000
  13.165  035  00000
  13.166  034  00000
  13.174  035  00000
  13.174  034  00000
  13.197  035  00000
  13.197  034  00000
  13.219  035  00000
  13.219  034  00000
  13.240  035  00000
  13.241  005  00000
  13.241  006  00000
  13.241  012  00000
  13.241  034  00001
  13.252  035  00000
  13.253  010  00000
  13.263  034  00000
  13.274  035  00000
  13.274  034  00000
  13.297  035  00000
  13.297  034  00000
  13.320  035  00000
  13.320  034  00000
  13.330  035  00000
  13.331  005  00000
  13.343  006  00000
  13.343  012  00000
  13.343  034  00000
  13.366  035  00000
  13.366  034  00000
  13.387  035  00000
  13.387  010  00000
  13.387  034  00000
  13.400  035  00000
  13.401  034  00000
  13.424  035  00000
  13.424  005  00000
  13.448  006  00000
  13.448  012  00000
  13.448  034  00000
  13.448  035  00000
  13.448  034  00000
  13.469  035  02000
  13.469  034  00000
  13.481  035  00000
  13.481  010  00000
  13.502  033  77777
  13.502  034  00000
  13.502  035  00100
  13.502  034  00000
  13.526  035  00000
  13.526  005  00000
  13.547  006  00000
  13.547  012  00000
  13.547  034  00000
  13.548  035  40000
  13.548  034  04000
  13.561  035  73777
  13.561  034  73777
  13.584  035  73777
  13.584  034  73777
  13.606  035  73777
  13.606  010  00000
  13.626  034  73777
  13.627  035  73777
  13.627  005  00000
  13.651  006  00000
  13.651  012  00000
  13.651  034  73777
  13.652  035  73777
  13.652  034  04000
  13.673  035  00400
  13.673  013  00000
  13.695  034  00000
  13.695  035  03041
  13.695  013  00100
  13.718  034  00000
  13.718  035  00000
  13.718  034  00000
  13.740  035  00000
  13.740  005  00000
  13.740  006  00000
  13.740  012  00000
  13.740  010  00000
  13.741  034  00000
  13.752  035  00000
  13.752  034  00000
  13.774  035  00000
  13.775  034  00000
  13.796  035  00000
  13.796  034  00000
  13.817  035  00000
  13.817  034  00000
  13.839  035  00000
  13.839  005  00000
  13.849  006  00000
  13.849  012  00000
  13.850  034  00000
  13.861  035  00000
  13.861  010  00000
  13.861  034  00000
  13.884  035  00000
  13.884  034  00000
  13.905  035  00000
  13.905  034  00000
  13.927  035  01107
  13.927  005  00000
  13.949  006  00000
  13.949  012  00000
  13.949  034  00000
  13.949  035  00000
  13.949  034  00142
  13.970  035  21316
  13.970  010  00000
  13.981  033  77777
  13.982  034  00000
  13.982  035  00000
  13.982  034  00000
  14.004  035  00000
  14.004  034  00000
  14.027  035  00000
  14.027  005  00000
  14.052  006  00000
  14.052  012  00000
  14.052  034  00000
  14.052  035  00000
  14.053  034  00000
  14.063  035  00000
  14.063  034  00000
  14.085  035  00000
  14.085  010  00000
  14.106  034  00000
  14.119  035  00000
  14.119  034  00000
  14.141  035  00000
  14.141  005  00000
  14.141  006  00000
  14.141  012  00000
  14.176  034  00000
  14.176  035  00000
  14.176  034  00000
  14.176  035  00000
  14.176  034  00000
  14.199  035  00000
  14.200  034  00000
  14.212  035  00000
  14.212  010  00000
  14.224  034  00000
  14.234  035  00000
  14.234  005  00000
  14.244  006  00000
  14.244  012  00000
  14.245  034  00000
  14.256  035  00000
  14.257  034  00000
  14.279  035  00000
  14.279  034  03245
  14.300  035  00000
  14.300  034  37411
  14.311  035  36040
  14.311  034  00000
  14.343  035  00000
  14.343  005  00000
  14.343  006  00000
  14.343  012  00000
  14.343  010  00000
  14.343  034  00000
  14.365  035  00000
  14.365  034  00000
  14.387  035  00000
  14.387  034  00000
  14.408  035  00000
  14.408  034  00000
  14.421  035  00000
  14.421  005  00000
  14.444  006  00000
  14.444  012  00000
  14.444  034  00000
  14.444  035  00000
  14.444  010  00000
  14.466  033  77777
  14.466  034  00000
  14.466  035  00000
  14.466  034  00000
  14.488  035  00000
  14.488  034  00000
  14.509  035  00000
  14.509  034  20000
  14.531  035  00000
  14.531  005  00000
  14.542  006  00000
  14.542  012  00000
  14.542  034  00100
  14.542  035  00000
  14.543  034  37777
  14.565  035  77777
  14.565  010  00000
  14.586  034  77777
  14.599  035  77777
  14.599  034  04000
  14.612  035  73777
  14.612  034  73777
  14.633  035  73777
  14.634  005  00000
  14.647  006  00000
  14.647  012  00000
  14.647  034  73777
  14.658  035  73777
  14.658  034  73777
  14.680  035  73777
  14.680  034  73777
  14.692  035  73777
  14.692  010  00000
  14.702  034  04000
  14.715  035  00400
  14.715  013  00000
  14.738  034  77777
  14.738  035  77340
  14.738  005  00000
  14.749  006  00000
  14.749  012  00000
  14.749  013  00100
  14.759  034  00000
  14.759  035  00000
  14.759  034  00000
  14.784  035  00000
  14.806  034  00000
  14.806  035  00000
  14.806  034  00000
  14.829  035  00000
  14.829  010  00000
  14.829  005  00000
  14.851  006  00000
  14.851  012  00000
  14.851  034  00000
  14.851  035  00000
  14.851  034  00000
  14.862  035  00000
  14.862  034  00000
  14.887  035  00000
  14.887  034  00000
  14.909  035  00000
  14.909  034  00000
  14.930  035  00000
  14.930  005  00000
  14.941  006  00000
  14.941  012  00000
  14.941  010  00000
  14.941  033  77777
  14.941  034  00000
  14.941  035  00000
  14.941  034  00000
  14.962  035  00000
  14.962  034  00000
  14.984  035  00000
  14.984  034  00000
  15.016  035  00000
  15.016  034  00000
  15.038  035  00000
  15.038  005  00000
  15.049  006  00000
  15.049  012  00000
  15.049  034  00000
  15.059  035  00000
  15.059  010  00000
  15.070  034  00000
  15.071  035  00000
  15.071  034  00000
  15.093  035  00000
  15.093  034  00000
  15.114  035  00000
  15.114  034  00000
  15.135  035  00000
  15.135  005  00000
  15.146  006  00000
  15.146  012  00000
  15.163  034  00000
  15.163  035  00000
  15.164  034  00000
  15.178  035  00000
  15.178  010  00000
  15.189  034  00000
  15.201  035  00000
  15.201  034  00000
  15.213  035  00000
  15.213  034  00000
  15.235  035  00000
  15.235  005  00000
  15.246  006  00000
  15.246  012  00000
  15.246  034  00000
  15.258  035  00000
  15.258  034  00000
  15.281  035  00000
  15.281  034  00000
  15.306  035  00000
  15.306  010  00000
  15.306  034  00000
  15.326  035  00000
  15.326  005  00000
  15.349  006  00000
  15.349  012  00000
  15.349  034  00001
  15.349  035  00000
  15.349  034  00000
  15.361  035  00000
  15.361  034  00000
  15.382  035  00000
  15.382  034  00000
  15.406  035  00000
  15.406  010  00000
  15.430  033  77777
  15.430  034  00000
  15.430  035  00000
  15.430  005  00000
  15.442  006  00000
  15.442  012  00000
  15.442  034  00000
  15.442  035  00000
  15.442  034  00000
  15.463  035  00000
  15.463  034  00000
  15.485  035  00000
  15.485  034  00000
  15.517  035  00000
  15.517  034  00000
  15.541  035  00000
  15.541  005  00000
  15.541  006  00000
  15.541  012  00000
  15.541  010  00000
  15.541  034  00000
  15.553  035  02000
  15.553  034  00000
  15.574  035  00000
  15.574  034  00000
  15.598  035  00100
  15.598  034  00000
  15.619  035  00000
  15.619  034  00000
  15.642  035  40000
  15.642  005  00000
  15.642  006  00000
  15.642  012  00000
  15.642  034  04000
  15.653  035  73777
  15.653  010  00000
  15.665  034  73777
  15.679  035  73777
  15.679  034  73777
  15.699  035  73777
  15.699  034  73777
  15.711  035  73777
  15.711  034  73777
  15.733  035  73777
  15.733  005  00000
  15.743  006  00000
  15.743  012  00000
  15.743  034  04000
  15.755  035  00400
  15.755  013  00000
  15.776  034  00000
  15.776  035  03362
  15.776  010  00000
  15.787  013  00100
  15.798  034  00000
  15.810  035  00000
  15.811  034  00000
  15.823  035  00000
  15.823  005  00000
  15.845  006  00000
  15.845  012  00000
  15.845  034  00000
  15.845  035  00000
  15.845  034  00000
  15.866  035  00000
  15.866  034  00000
  15.889  035  00000
  15.889  010  00000
  15.910  033  77777
  15.910  034  00000
  15.910  035  00000
  15.910  034  00000
  15.924  035  00000
  15.925  005  00000
  15.947  006  00000
  15.947  012  00000
  15.947  034  00000
  15.948  035  00000
  15.948  034  00000
  15.975  035  00000
  15.975  034  00000
  15.996  035  00000
  15.996  034  00000
  16.018  035  01107
  16.018  010  00000
  16.029  034  00000
  16.039  035  00000
  16.039  005  00000
  16.052  006  00000
  16.052  012  00000
  16.053  034  00142
  16.053  035  21316
  16.053  034  00000
  16.074  035  00000
  16.074  034  00000
  16.095  035  00000
  16.095  034  00000
  16.117  035  00000
  16.117  034  00000
  16.139  035  00000
  16.139  005  00000
  16.149  006  00000
  16.149  012  00000
  16.149  010  00000
  16.169  034  00000
  16.169  035  00000
  16.169  034  00000
  16.171  035  00000
  16.172  034  00000
  16.194  035  00000
  16.194  034  00000
  16.215  035  00000
  16.215  034  00000
  16.238  035  00000
  16.239  005  00000
  16.249  006  00000
  16.249  012  00000
  16.249  034  00000
  16.260  035  00000
  16.260  010  00000
  16.260  034  00000
  16.282  035  00000
  16.282  034  00000
  16.305  035  00000
  16.305  034  00000
  16.328  035  00000
  16.339  005  00000
  16.350  006  00000
  16.350  012  00000
  16.350  034  00000
  16.350  035  00000
  16.350  034  00000
  16.362  035  00000
  16.362  010  00000
  16.383  033  77777
  16.383  034  03245
  16.383  035  00000
  16.384  034  37411
  16.406  035  36040
  16.406  034  00000
  16.428  035  00000
  16.428  005  00000
  16.450  006  00000
  16.450  012  00000
  16.450  034  00000
  16.450  035  00000
  16.450  034  00000
  16.461  035  00000
  16.461  034  00000
  16.494  035  00000
  16.494  010  00000
  16.505  034  00000
  16.515  035  00000
  16.515  034  00000
  16.539  035  00000
  16.539  005  00000
  16.549  006  00000
  16.549  012  00000
  16.550  034  00000
  16.560  035  00000
  16.560  034  00000
  16.571  035  00000
  16.571  034  00000
  16.595  035  00000
  16.595  034  20000
  16.616  035  00000
  16.617  010  00000
  16.628  034  00100
  16.640  035  00000
  16.640  005  00000
  16.650  006  00000
  16.650  012  00000
  16.650  034  37777
  16.650  035  77777
  16.651  034  77777
  16.673  035  77777
  16.674  034  04000
  16.695  035  73777
  16.695  034  73777
  16.729  035  73777
  16.730  005  00000
  16.741  006  00000
  16.741  012  00000
  16.741  010  00000
  16.741  034  73777
  16.741  035  73777
  16.741  034  73777
  16.763  035  73777
  16.763  034  73777
  16.786  035  73777
  16.786  034  04000
  16.808  035  00400
  16.808  013  00000
  16.821  034  77777
  16.821  035  77340
  16.821  005  00000
  16.842  006  00000
  16.842  012  00000
  16.842  013  00100
  16.843  034  00000
  16.854  035  00000
  16.854  010  00000
  16.866  033  77777
  16.866  034  00000
  16.876  035  00000
  16.877  034  00000
  16.900  035  00000
  16.900  034  00000
  16.911  035  00000
  16.911  034  00000
  16.934  035  00000
  16.934  005  00000
  16.944  006  00000
  16.944  012  00000
  16.945  034  00000
  16.956  035  00000
  16.956  034  00000
  16.978  035  00000
  16.978  010  00000
  16.988  034  00000
  17.000  035  00000
  17.000  034  00000
  17.013  035  00000
  17.013  034  00000
  17.034  035  00000
  17.034  005  00000
  17.044  006  00000
  17.044  012  00000
  17.045  034  00000
  17.056  035  00000
  17.056  034  00000
  17.089  035  00000
  17.089  034  00000
  17.101  035  00000
  17.101  010  00000
  17.101  034  00000
  17.128  035  00000
  17.128  005  00000
  17.145  006  00000
  17.145  012  00000
  17.145  034  00000
  17.145  035  00000
  17.145  034  00000
  17.168  035  00000
  17.192  034  00000
  17.192  035  00000
  17.192  034  00000
  17.211  035  00000
  17.211  010  00000
  17.222  034  00000
  17.222  035  00000
  17.222  005  00000
  17.245  006  00000
  17.245  012  00000
  17.246  034  00000
  17.246  035  00000
  17.246  034  00000
  17.267  035  00000
  17.267  034  00000
  17.289  035  00000
  17.289  034  00000
  17.302  035  00000
  17.302  034  00000
  17.333  035  00000
  17.333  005  00000
  17.344  006  00000
  17.344  012  00000
  17.344  010  00000
  17.344  033  77777
  17.344  034  00000
  17.355  035  00000
  17.355  034  00000
  17.378  035  00000
  17.378  034  00000
  17.400  035  00000
  17.400  034  00000
  17.411  035  00000
  17.411  034  00001
  17.435  035  00000
  17.435  005  00000
  17.445  006  00000
  17.445  012  00000
  17.445  034  00000
  17.456  035  00000
  17.456  010  00000
  17.467  034  00000
  17.479  035  00000
  17.479  034  00000
  17.500  035  00000
  17.500  034  00000
  17.511  035  00000
  17.511  034  00000
  17.534  035  00000
  17.534  005  00000
  17.545  006  00000
  17.545  012  00000
  17.545  034  00000
  17.566  035  00000
  17.567  034  00000
  17.589  035  00000
  17.589  010  00000
  17.589  034  00000
  17.600  035  00000
  17.600  034  00000
  17.622  035  00000
  17.622  005  00000
  17.644  006  00000
  17.644  012  00000
  17.644  034  00000
  17.644  035  02000
  17.644  034  00000
  17.666  035  00000
  17.667  034  00000
  17.689  035  00100
  17.690  010  00000
  17.711  034  00000
  17.711  035  00000
  17.711  034  00000
  17.723  035  40000
  17.723  005  00000
  17.745  006  00000
  17.745  012  00000
  17.745  034  04000
  17.745  035  73777
  17.745  034  73777
  17.769  035  73777
  17.769  034  73777
  17.790  035  73777
  17.790  034  73777
  17.802  035  73777
  17.802  010  00000
  17.824  033  77777
  17.824  034  73777
  17.824  035  73777
  17.834  005  00000
  17.845  006  00000
  17.845  012  00000
  17.845  034  04000
  17.857  035  00400
  17.857  013  00000
  17.879  034  00000
  17.879  035  03703
  17.879  013  00100
  17.890  034  00000
  17.890  035  00000
  17.891  034  00000
  17.911  035  00000
  17.912  034  00000
  17.933  035  00000
  17.933  005  00000
  17.944  006  00000
  17.944  012  00000
  17.944  010  00000
  17.944  034  00000
  17.957  035  00000
  17.958  034  00000
  17.979  035  00000
  17.980  034  00000
  17.994  035  00000
  17.994  034  00000
  18.016  035  00000
  18.016  034  00000
  18.048  035  00000
  18.049  005  00000
  18.049  006  00000
  18.049  012  00000
  18.049  034  00000
  18.060  035  00000
  18.060  010  00000
  18.061  034  00000
  18.084  035  00000
  18.084  034  00000
  18.111  035  01107
  18.111  034  00000
  18.123  035  00000
  18.123  005  00000
  18.144  006  00000
  18.144  012  00000
  18.144  034  00142
  18.144  035  21316
  18.144  034  00000
  18.165  035  00000
  18.166  010  00000
  18.189  034  00000
  18.210  035  00000
  18.210  034  00000
  18.210  035  00000
  18.210  034  00000
  18.224  035  00000
  18.224  005  00000
  18.246  006  00000
  18.246  012  00000
  18.246  034  00000
  18.246  035  00000
  18.246  034  00000
  18.268  035  00000
  18.268  034  00000
  18.300  035  00000
  18.300  010  00000
  18.300  033  77777
  18.301  034  00000
  18.311  035  00000
  18.311  034  00000
  18.335  035  00000
  18.335  005  00000
  18.345  006  00000
  18.345  012  00000
  18.346  034  00000
  18.356  035  00000
  18.356  034  00000
  18.380  035  00000
  18.380  034  00000
  18.393  035  00000
  18.393  034  00000
  18.415  035  00000
  18.415  010  00000
  18.426  034  00000
  18.439  035  00000
  18.439  005  00000
  18.449  006  00000
  18.449  012  00000
  18.449  034  00000
  18.460  035  00000
  18.460  034  03245
  18.471  035  00000
  18.471  034  37411
  18.493  035  36040
  18.493  034  00000
  18.514  035  00000
  18.514  034  00000
  18.546  035  00000
  18.546  005  00000
  18.547  006  00000
  18.547  012  00000
  18.547  010  00000
  18.547  034  00000
  18.569  035  00000
  18.569  034  00000
  18.581  035  00000
  18.581  034  00000
  18.602  035  00000
  18.602  034  00000
  18.627  035  00000
  18.627  005  00000
  18.650  006  00000
  18.650  012  00000
  18.650  034  00000
  18.651  035  00000
  18.651  010  00000
  18.663  034  00000
  18.663  035  00000
  18.663  034  00000
  18.684  035  00000
  18.685  034  20000
  18.708  035  00000
  18.708  034  00100
  18.729  035  00000
  18.729  005  00000
  18.741  006  00000
  18.741  012  00000
  18.741  034  37777
  18.741  035  77777
  18.741  034  77777
  18.775  035  77777
  18.775  010  00000
  18.787  033  77777
  18.787  034  04000
  18.798  035  73777
  18.798  034  73777
  18.811  035  73777
  18.811  034  73777
  18.835  035  73777
  18.836  005  00000
  18.846  006  00000
  18.846  012  00000
  18.846  034  73777
  18.859  035  73777
  18.859  034  73777
  18.880  035  73777
  18.880  034  04000
  18.892  035  00400
  18.893  010  00000
  18.903  013  00000
  18.913  034  77777
  18.913  035  77340
  18.914  013  00100
  18.935  034  00000
  18.935  035  00000
  18.935  005  00000
  18.946  006  00000
  18.946  012  00000
  18.946  034  00000
  18.968  035  00000
  18.968  034  00000
  18.989  035  00000
  18.989  034  00000
  19.000  035  00000
  19.001  034  00000
  19.022  035  00000
  19.022  010  00000
  19.022  005  00000
  19.044  006  00000
  19.044  012  00000
  19.044  034  00000
  19.044  035  00000
  19.044  034  00000
  19.067  035  00000
  19.067  034  00000
  19.088  035  00000
  19.088  034  00000
  19.111  035  00000
  19.111  034  00000
  19.124  035  00000
  19.124  005  00000
  19.146  006  00000
  19.146  012  00000
  19.146  010  00000
  19.147  034  00000
  19.147  035  00000
  19.147  034  00000
  19.169  035  00000
  19.169  034  00000
  19.190  035  00000
  19.213  034  00000
  19.214  035  00000
  19.214  034  00000
  19.236  035  00000
  19.236  005  00000
  19.247  006  00000
  19.247  012  00000
  19.247  034  00000
  19.258  035  00000
  19.258  010  00000
  19.270  033  77777
  19.270  034  00000
  19.270  035  00000
  19.270  034  00000
  19.291  035  00000
  19.291  034  00000
  19.312  035  00000
  19.312  034  00000
  19.334  035  00000
  19.334  005  00000
  19.345  006  00000
  19.345  012  00000
  19.345  034  00000
  19.356  035  00000
  19.356  034  00000
  19.379  035  00000
  19.379  010  00000
  19.389  034  00000
  19.404  035  00000
  19.404  034  00000
  19.415  035  00000
  19.415  034  00000
  19.436  035  00000
  19.436  005  00000
  19.447  006  00000
  19.447  012  00000
  19.447  034  00000
  19.468  035  00000
  19.469  034  00000
  19.511  035  00000
  19.511  034  00000
  19.512  035  00000
  19.512  010  00000
  19.523  034  00001
  19.526  035  00000
  19.526  005  00000
  19.548  006  00000
  19.548  012  00000
  19.548  034  00000
  19.548  035  00000
  19.548  034  00000
  19.560  035  00000
  19.560  034  00000
  19.582  035  00000
  19.582  034  00000
  19.603  035  00000
  19.603  010  00000
  19.625  034  00000
  19.625  035  00000
  19.625  005  00000
  19.646  006  00000
  19.646  012  00000
  19.646  034  00000
  19.646  035  00000
  19.647  034  00000
  19.668  035  00000
  19.668  034  00000
  19.691  035  00000
  19.691  034  00000
  19.713  035  00000
  19.714  034  00000
  19.735  035  02000
  19.735  005  00000
  19.746  006  00000
  19.746  012  00000
  19.746  010  00000
  19.746  033  77777
  19.746  034  00000
  19.756  035  00000
  19.756  034  00000
  19.780  035  00100
  19.780  034  00000
  19.792  035  00000
  19.792  034  00000
  19.816  035  40000
  19.816  034  04000
  19.837  035  73777
  19.838  005  00000
  19.848  006  00000
  19.848  012  00000
  19.848  034  73777
  19.861  035  73777
  19.861  010  00000
  19.862  034  73777
  19.873  035  73777
  19.873  034  73777
  19.894  035  73777
  19.894  034  73777
  19.916  035  73777
  19.916  034  04000
  19.940  035  00400
  19.940  005  00000
  19.950  006  00000
  19.950  012  00000
  19.950  013  00000
  19.951  034  00000
  19.951  035  04224
  19.951  013  00100
  19.974  034  00000
  19.986  035  00000
  19.986  010  00000
  19.986  034  00000
  20.008  035  00000
  20.008  034  00000
  20.029  035  00000
  20.029  005  00000
  20.040  006  00000
  20.040  012  00000
  20.040  034  00000
  20.040  035  00000
  20.040  034  00000
  20.062  035  00000
  20.063  034  00000
  20.084  035  00000
  20.084  010  00000
  20.106  034  00000
  20.106  035  00000
  20.106  034  00000
  20.128  035  00000
  20.128  005  00000
  20.182  006  00000
  20.182  012  00000
  20.182  034  00000
  20.182  035  00000
  20.182  034  00000
  20.182  035  00000
  20.182  034  00000
  20.183  035  01107
  20.196  034  00000
  20.237  035  00000
  20.237  010  00000
  20.237  033  77777
  20.237  034  00142
  20.241  035  21316
  20.241  005  00000
  20.242  006  00000
  20.242  012  00000
  20.242  034  00000
  20.253  035  00000
  20.253  034  00000
  20.275  035  00000
  20.275  034  00000
  20.297  035  00000
  20.297  034  00000
  20.320  035  00000
  20.320  034  00000
  20.331  035  00000
  20.331  005  00000
  20.342  006  00000
  20.342  012  00000
  20.342  010  00000
  20.343  034  00000
  20.355  035  00000
  20.355  034  00000
  20.379  035  00000
  20.379  034  00000
  20.400  035  00000
  20.401  034  00000
  20.414  035  00000
  20.415  034  00000
  20.437  035  00000
  20.437  005  00000
  20.448  006  00000
  20.448  012  00000
  20.448  034  00000
  20.461  035  00000
  20.461  010  00000
  20.461  034  00000
  20.482  035  00000
  20.482  034  00000
  20.506  035  00000
  20.506  034  00000
  20.529  035  00000
  20.530  005  00000
  20.541  006  00000
  20.541  012  00000
  20.541  034  00000
  20.541  035  00000
  20.541  034  03245
  20.563  035  00000
  20.563  010  00000
  20.586  034  37411
  20.586  035  36040
  20.586  034  00000
  20.610  035  00000
  20.610  034  00000
  20.622  035  00000
  20.622  005  00000
  20.645  006  00000
  20.645  012  00000
  20.645  034  00000
  20.645  035  00000
  20.645  034  00000
  20.678  035  00000
  20.678  034  00000
  20.690  035  00000
  20.691  010  00000
  20.703  033  77777
  20.703  034  00000
  20.714  035  00000
  20.714  034  00000
  20.739  035  00000
  20.739  005  00000
  20.750  006  00000
  20.750  012  00000
  20.750  034  00000
  20.750  035  00000
  20.751  034  00000
  20.774  035  00000
  20.774  034  20000
  20.795  035  00000
  20.795  034  00100
  20.818  035  00000
  20.819  010  00000
  20.829  034  37777
  20.840  035  77777
  20.840  005  00000
  20.840  006  00000
  20.840  012  00000
  20.840  034  77777
  20.852  035  77777
  20.852  034  04000
  20.874  035  73777
  20.874  034  73777
  20.896  035  73777
  20.896  034  73777
  20.928  035  73777
  20.928  005  00000
  20.940  006  00000
  20.940  012  00000
  20.940  010  00000
  20.941  034  73777
  20.941  035  73777
  20.941  034  73777
  20.964  035  73777
  20.964  034  04000
  20.987  035  00400
  20.987  013  00000
  21.010  034  77777
  21.010  035  77340
  21.010  013  00100
  21.021  034  00000
  21.021  035  00000
  21.022  005  00000
  21.045  006  00000
  21.045  012  00000
  21.045  034  00000
  21.055  035  00000
  21.055  010  00000
  21.068  034  00000
  21.079  035  00000
  21.079  034  00000
  21.092  035  00000
  21.092  034  00000
  21.114  035  00000
  21.114  034  00000
  21.136  035  00000
  21.136  005  00000
  21.147  006  00000
  21.147  012  00000
  21.147  034  00000
  21.159  035  00000
  21.159  034  00000
  21.170  035  00000
  21.171  010  00000
  21.181  033  77777
  21.181  034  00000
  21.192  035  00000
  21.192  034  00000
  21.216  035  00000
  21.237  034  00000
  21.241  035  00000
  21.241  005  00000
  21.241  006  00000
  21.241  012  00000
  21.241  034  00000
  21.252  035  00000
  21.252  034  00000
  21.275  035  00000
  21.275  034  00000
  21.306  035  00000
  21.306  010  00000
  21.306  034  00000
  21.328  035  00000
  21.328  005  00000
  21.350  006  00000
  21.350  012  00000
  21.350  034  00000
  21.350  035  00000
  21.350  034  00000
  21.361  035  00000
  21.361  034  00000
  21.383  035  00000
  21.383  034  00000
  21.406  035  00000
  21.406  010  00000
  21.429  034  00000
  21.429  035  00000
  21.429  005  00000
  21.442  006  00000
  21.442  012  00000
  21.442  034  00000
  21.442  035  00000
  21.442  034  00000
  21.465  035  00000
  21.465  034  00000
  21.490  035  00000
  21.490  034  00000
  21.502  035  00000
  21.502  034  00000
  21.537  035  00000
  21.537  005  00000
  21.550  006  00000
  21.550  012  00000
  21.550  010  00000
  21.550  034  00000
  21.551  035  00000
  21.551  034  00000
  21.575  035  00000
  21.575  034  00000
  21.599  035  00000
  21.599  034  00001
  21.620  035  00000
  21.620  034  00000
  21.632  035  00000
  21.632  005  00000
  21.643  006  00000
  21.643  012  00000
  21.643  034  00000
  21.654  035  00000
  21.654  010  00000
  21.665  033  77777
  21.665  034  00000
  21.676  035  00000
  21.676  034  00000
  21.697  035  00000
  21.697  034  00000
  21.719  035  00000
  21.719  034  00000
  21.742  035  00000
  21.742  005  00000
  21.743  006  00000
  21.743  012  00000
  21.743  034  00000
  21.764  035  00000
  21.764  034  00000
  21.786  035  00000
  21.786  010  00000
  21.786  034  00000
  21.808  035  00000
  21.808  034  00000
  21.830  035  02000
  21.830  005  00000
  21.842  006  00000
  21.842  012  00000
  21.842  034  00000
  21.842  035  00000
  21.842  034  00000
  21.864  035  00100
  21.865  034  00000
  21.886  035  00000
  21.886  010  00000
  21.908  034  00000
  21.908  035  40000
  21.908  034  04000
  21.930  035  73777
  21.930  005  00000
  21.943  006  00000
  21.943  012  00000
  21.943  034  73777
  21.943  035  73777
  21.943  034  73777
  21.966  035  73777
  21.966  034  73777
  21.988  035  73777
  21.988  034  73777
  22.012  035  73777
  22.012  010  00000
  22.024  034  04000
  22.025  035  00400
  22.025  005  00000
  22.047  006  00000
  22.047  012  00000
  22.047  013  00000
  22.058  034  00000
  22.058  035  04545
  22.059  013  00100
  22.070  034  00000
  22.070  035  00000
  22.070  034  00000
  22.095  035  00000
  22.096  034  00000
  22.116  035  00000
  22.117  034  00000
  22.140  035  00000
  22.140  005  00000
  22.140  006  00000
  22.140  012  00000
  22.140  010  00000
  22.140  033  77777
  22.141  034  00000
  22.151  035  00000
  22.151  034  00000
  22.173  035  00000
  22.173  034  00000
  22.194  035  00000
  22.194  034  00000
  22.215  035  00000
  22.215  034  00000
  22.252  035  00000
  22.252  005  00000
  22.252  006  00000
  22.252  012  00000
  22.285  034  00000
  22.285  035  00000
  22.285  010  00000
  22.285  034  00000
  22.290  035  01107
  22.290  034  00000
  22.303  035  00000
  22.303  034  00142
  22.324  035  21316
  22.324  005  00000
  22.347  006  00000
  22.347  012  00000
  22.348  034  00000
  22.348  035  00000
  22.348  034  00000
  22.369  035  00000
  22.369  010  00000
  22.380  034  00000
  22.381  035  00000
  22.381  034  00000
  22.405  035  00000
  22.405  034  00000
  22.428  035  00000
  22.428  005  00000
  22.449  006  00000
  22.449  012  00000
  22.449  034  00000
  22.449  035  00000
  22.449  034  00000
  22.462  035  00000
  22.483  034  00000
  22.484  035  00000
  22.484  010  00000
  22.507  034  00000
  22.518  035  00000
  22.518  034  00000
  22.539  035  00000
  22.539  005  00000
  22.550  006  00000
  22.550  012  00000
  22.551  034  00000
  22.551  035  00000
  22.551  034  00000
  22.572  035  00000
  22.572  034  00000
  22.596  035  00000
  22.596  034  00000
  22.622  035  00000
  22.622  010  00000
  22.622  033  77777
  22.622  034  00000
  22.633  035  00000
  22.633  005  00000
  22.643  006  00000
  22.643  012  00000
  22.644  034  03245
  22.654  035  00000
  22.654  034  37411
  22.676  035  36040
  22.676  034  00000
  22.699  035  00000
  22.699  034  00000
  22.711  035  00000
  22.723  034  00000
  22.747  035  00000
  22.747  005  00000
  22.747  006  00000
  22.747  012  00000
  22.747  010  00000
  22.747  034  00000
  22.760  035  00000
  22.760  034  00000
  22.783  035  00000
  22.783  034  00000
  22.805  035  00000
  22.805  034  00000
  22.826  035  00000
  22.827  005  00000
  22.848  006  00000
  22.848  012  00000
  22.848  034  00000
  22.848  035  00000
  22.848  010  00000
  22.861  034  00000
  22.861  035  00000
  22.861  034  20000
  22.883  035  00000
  22.883  034  00100
  22.906  035  00000
  22.906  034  37777
  22.931  035  77777
  22.931  005  00000
  22.943  006  00000
  22.943  012  00000
  22.943  034  77777
  22.943  035  77777
  22.943  034  04000
  22.977  035  73777
  22.977  010  00000
  22.988  034  73777
  23.002  035  73777
  23.002  034  73777
  23.137  035  73777
  23.137  034  73777
  23.137  035  73777
  23.137  005  00000
  23.137  006  00000
  23.137  012  00000
  23.137  034  73777
  23.137  035  73777
  23.137  034  04000
  23.137  035  00400
  23.137  013  00000
  23.137  034  77777
  23.137  035  77340
  23.137  010  00000
  23.137  033  77777
  23.137  013  00100
  23.137  034  00000
  23.137  035  00000
  23.138  034  00000
  23.138  035  00000
  23.138  005  00000
  23.148  006  00000
  23.148  012  00000
  23.148  034  00000
  23.160  035  00000
  23.160  034  00000
  23.172  035  00000
  23.172  034  00000
  23.205  035  00000
  23.205  034  00000
  23.225  035  00000
  23.225  010  00000
  23.226  005  00000
  23.248  006  00000
  23.248  012  00000
  23.248  034  00000
  23.248  035  00000
  23.248  034  00000
  23.280  035  00000
  23.306  034  00000
  23.306  035  00000
  23.306  034  00000
  23.311  035  00000
  23.311  034  00000
  23.321  035  00000
  23.322  005  00000
  23.343  006  00000
  23.343  012  00000
  23.343  010  00000
  23.343  034  00000
  23.343  035  00000
  23.343  034  00000
  23.368  035  00000
  23.368  034  00000
  23.390  035  00000
  23.390  034  00000
  23.414  035  00000
  23.414  034  00000
  23.435  035  00000
  23.435  005  00000
  23.446  006  00000
  23.446  012  00000
  23.446  034  00000
  23.457  035  00000
  23.457  010  00000
  23.470  034  00000
  23.471  035  00000
  23.471  034  00000
  23.492  035  00000
  23.492  034  00000
  23.514  035  00000
  23.514  034  00000
  23.535  035  00000
  23.535  005  00000
  23.546  006  00000
  23.546  012  00000
  23.546  034  00000
  23.557  035  00000
  23.557  034  00000
  23.579  035  00000
  23.579  010  00000
  23.592  033  77777
  23.592  034  00000
  23.592  035  00000
  23.592  034  00000
  23.614  035  00000
  23.614  034  00000
  23.639  035  00000
  23.639  005  00000
  23.650  006  00000
  23.650  012  00000
  23.650  034  00000
  23.661  035  00000
  23.661  034  00000
  23.683  035  00000
  23.683  034  00001
  23.705  035  00000
  23.705  010  00000
  23.705  034  00000
  23.727  035  00000
  23.727  005  00000
  23.750  006  00000
  23.750  012  00000
  23.750  034  00000
  23.750  035  00000
  23.750  034  00000
  23.762  035  00000
  23.762  034  00000
  23.787  035  00000
  23.787  034  00000
  23.808  035  00000
  23.808  010  00000
  23.830  034  00000
  23.830  035  00000
  23.831  005  00000
  23.841  006  00000
  23.841  012  00000
  23.841  034  00000
  23.841  035  00000
  23.841  034  00000
  23.867  035  00000
  23.867  034  00000
  23.889  035  00000
  23.889  034  00000
  23.912  035  02000
  23.912  034  00000
  23.934  035  00000
  23.934  005  00000
  23.945  006  00000
  23.945  012  00000
  23.945  010  00000
  23.945  034  00000
  23.957  035  00100
  23.957  034  00000
  23.979  035  00000
  23.979  034  00000
  23.993  035  40000
  23.993  034  04000
  24.015  035  73777
  24.015  034  73777
  24.038  035  73777
  24.038  005  00000
  24.048  006  00000
  24.048  012  00000
  24.048  034  73777
  24.060  035  73777
  24.060  010  00000
  24.060  033  77777
  24.060  034  73777
  24.072  035  73777
  24.072  034  73777
  24.095  035  73777
  24.095  034  04000
  24.116  035  00400
  24.116  013  00000
  24.142  034  00000
  24.142  035  05066
  24.142  005  00000
  24.142  006  00000
  24.142  012  00000
  24.142  013  00100
  24.153  034  00000
  24.163  035  00000
  24.163  034  00000
  24.187  035  00000
  24.187  010  00000
  24.187  034  00000
  24.208  035  00000
  24.208  034  00000
  24.221  035  00000
  24.221  005  00000
  24.242  006  00000
  24.242  012  00000
  24.242  034  00000
  24.243  035  00000
  24.243  034  00000
  24.264  035  00000
  24.264  034  00000
  24.286  035  00000
  24.309  010  00000
  24.309  034  00000
  24.309  035  00000
  24.309  034  00000
  24.329  035  00000
  24.329  005  00000
  24.342  006  00000
  24.342  012  00000
  24.342  034  00000
  24.342  035  00000
  24.342  034  00000
  24.368  035  01107
  24.368  034  00000
  24.381  035  00000
  24.381  034  00142
  24.417  035  21316
  24.417  010  00000
  24.428  034  00000
  24.441  035  00000
  24.441  005  00000
  24.441  006  00000
  24.441  012  00000
  24.442  034  00000
  24.454  035  00000
  24.454  034  00000
  24.478  035  00000
  24.478  034  00000
  24.499  035  00000
  24.499  034  00000
  24.510  035  00000
  24.511  034  00000
  24.533  035  00000
  24.533  005  00000
  24.544  006  00000
  24.544  012  00000
  24.544  010  00000
  24.544  033  77777
  24.544  034  00000
  24.555  035  00000
  24.555  034  00000
  24.576  035  00000
  24.576  034  00000
  24.598  035  00000
  24.598  034  00000
  24.620  035  00000
  24.620  034  00000
  24.631  035  00000
  24.631  005  00000
  24.641  006  00000
  24.641  012  00000
  24.641  034  00000
  24.662  035  00000
  24.662  010  00000
  24.662  034  00000
  24.685  035  00000
  24.685  034  00000
  24.706  035  00000
  24.707  034  00000
  24.728  035  00000
  24.728  005  00000
  24.749  006  00000
  24.749  012  00000
  24.750  034  03245
  24.750  035  00000
  24.750  034  37411
  24.761  035  36040
  24.761  010  00000
  24.783  034  00000
  24.783  035  00000
  24.783  034  00000
  24.804  035  00000
  24.804  034  00000
  24.825  035  00000
  24.825  005  00000
  24.848  006  00000
  24.848  012  00000
  24.848  034  00000
  24.848  035  00000
  24.848  034  00000
  24.871  035  00000
  24.872  034  00000
  24.895  035  00000
  24.895  010  00000
  24.905  034  00000
  24.916  035  00000
  24.916  034  00000
  24.940  035  00000
  24.940  005  00000
  24.951  006  00000
  24.951  012  00000
  24.951  034  00000
  24.951  035  00000
  24.951  034  20000
  24.975  035  00000
  24.975  034  00100
  24.996  035  00000
  24.996  034  37777
  25.018  035  77777
  25.018  010  00000
  25.028  033  77777
  25.029  034  77777
  25.040  035  77777
  25.040  005  00000
  25.040  006  00000
  25.040  012  00000
  25.040  034  04000
  25.051  035  73777
  25.051  034  73777
  25.075  035  73777
  25.075  034  73777
  25.096  035  73777
  25.096  034  73777
  25.128  035  73777
  25.128  005  00000
  25.140  006  00000
  25.140  012  00000
  25.140  010  00000
  25.140  034  73777
  25.140  035  73777
  25.140  034  04000
  25.162  035  00400
  25.162  013  00000
  25.186  034  77777
  25.186  035  77340
  25.186  013  00100
  25.207  034  00000
  25.218  035  00000
  25.218  034  00000
  25.239  035  00000
  25.240  005  00000
  25.240  006  00000
  25.240  012  00000
  25.240  034  00000
  25.252  035  00000
  25.252  010  00000
  25.265  034  00000
  25.276  035  00000
  25.276  034  00000
  25.300  035  00000
  25.321  034  00000
  25.321  035  00000
  25.321  034  00000
  25.334  035  00000
  25.334  005  00000
  25.344  006  00000
  25.344  012  00000
  25.344  034  00000
  25.356  035  00000
  25.356  034  00000
  25.378  035  00000
  25.378  010  00000
  25.388  034  00000
  25.401  035  00000
  25.401  034  00000
  25.412  035  00000
  25.413  034  00000
  25.444  035  00000
  25.444  005  00000
  25.444  006  00000
  25.444  012  00000
  25.444  034  00000
  25.466  035  00000
  25.466  034  00000
  25.491  035  00000
  25.491  034  00000
  25.502  035  00000
  25.502  010  00000
  25.502  033  77777
  25.502  034  00000
  25.526  035  00000
  25.526  005  00000
  25.550  006  00000
  25.550  012  00000
  25.550  034  00000
  25.550  035  00000
  25.561  034  00000
  25.561  035  00000
  25.561  034  00000
  25.585  035  00000
  25.585  034  00000
  25.607  035  00000
  25.607  010  00000
  25.628  034  00000
  25.628  035  00000
  25.628  005  00000
  25.640  006  00000
  25.640  012  00000
  25.640  034  00000
  25.640  035  00000
  25.640  034  00000
  25.662  035  00000
  25.662  034  00000
  25.685  035  00000
  25.685  034  00000
  25.717  035  00000
  25.717  034  00000
  25.740  035  00000
  25.740  005  00000
  25.740  006  00000
  25.740  012  00000
  25.740  010  00000
  25.740  034  00000
  25.752  035  00000
  25.752  034  00000
  25.774  035  00000
  25.774  034  00001
  25.797  035  00000
  25.797  034  00000
  25.819  035  00000
  25.819  034  00000
  25.832  035  00000
  25.832  005  00000
  25.842  006  00000
  25.842  012  00000
  25.843  034  00000
  25.855  035  00000
  25.856  010  00000
  25.866  034  00000
  25.877  035  00000
  25.877  034  00000
  25.898  035  00000
  25.899  034  00000
  25.920  035  00000
  25.920  034  00000
  25.942  035  00000
  25.942  005  00000
  25.942  006  00000
  25.942  012  00000
  25.942  034  00000
  25.965  035  00000
  25.965  034  00000
  25.986  035  00000
  25.986  010  00000
  25.986  033  77777
  25.986  034  00000
  26.008  035  02000
  26.008  034  00000
  26.029  035  00000
  26.029  005  00000
  26.040  006  00000
  26.040  012  00000
  26.040  034  00000
  26.040  035  00100
  26.040  034  00000
  26.062  035  00000
  26.062  034  00000
  26.085  035  40000
  26.085  010  00000
  26.109  034  04000
  26.110  035  73777
  26.110  034  73777
  26.121  035  73777
  26.121  005  00000
  26.142  006  00000
  26.142  012  00000
  26.142  034  73777
  26.142  035  73777
  26.142  034  73777
  26.166  035  73777
  26.166  034  73777
  26.187  035  73777
  26.187  034  04000
  26.211  035  00400
  26.211  010  00000
  26.221  013  00000
  26.232  034  00000
  26.232  035  05407
  26.232  005  00000
  26.243  006  00000
  26.243  012  00000
  26.243  013  00100
  26.253  034  00000
  26.254  035  00000
  26.254  034  00000
  26.275  035  00000
  26.275  034  00000
  26.296  035  00000
  26.296  034  00000
  26.319  035  00000
  26.337  034  00000
  26.337  035  00000
  26.337  005  00000
  26.341  006  00000
  26.341  012  00000
  26.341  010  00000
  26.341  034  00000
  26.352  035  00000
  26.352  034  00000
  26.375  035  00000
  26.375  034  00000
  26.398  035  00000
  26.399  034  00000
  26.422  035  00000
  26.422  005  00000
  26.443  006  00000
  26.443  012  00000
  26.443  034  00000
  26.443  035  00000
  26.443  010  00000
  26.466  033  77777
  26.466  034  00000
  26.466  035  01107
  26.467  034  00000
  26.487  035  00000
  26.488  034  00142
  26.510  035  21316
  26.510  034  00000
  26.522  035  00000
  26.522  005  00000
  26.543  006  00000
  26.543  012  00000
  26.543  034  00000
  26.543  035  00000
  26.544  034  00000
  26.567  035  00000
  26.567  010  00000
  26.588  034  00000
  26.588  035  00000
  26.589  034  00000
  26.610  035  00000
  26.610  034  00000
  26.633  035  00000
  26.633  005  00000
  26.644  006  00000
  26.644  012  00000
  26.644  034  00000
  26.656  035  00000
  26.656  034  00000
  26.681  035  00000
  26.681  034  00000
  26.693  035  00000
  26.693  010  00000
  26.703  034  00000
  26.714  035  00000
  26.714  034  00000
  26.735  035  00000
  26.735  005  00000
  26.748  006  00000
  26.748  012  00000
  26.748  034  00000
  26.759  035  00000
  26.759  034  00000
  26.780  035  00000
  26.780  034  00000
  26.792  035  00000
  26.792  034  00000
  26.814  035  00000
  26.814  010  00000
  26.825  034  03245
  26.836  035  00000
  26.836  005  00000
  26.849  006  00000
  26.849  012  00000
  26.849  034  37411
  26.861  035  36040
  26.861  034  00000
  26.882  035  00000
  26.882  034  00000
  26.905  035  00000
  26.905  034  00000
  26.928  035  00000
  26.928  005  00000
  26.941  006  00000
  26.941  012  00000
  26.941  010  00000
  26.941  033  77777
  26.941  034  00000
  26.941  035  00000
  26.941  034  00000
  26.964  035  00000
  26.965  034  00000
  26.986  035  00000
  26.986  034  00000
  27.009  035  00000
  27.009  034  00000
  27.021  035  00000
  27.021  005  00000
  27.043  006  00000
  27.043  012  00000
  27.043  034  00000
  27.043  035  00000
  27.044  010  00000
  27.066  034  20000
  27.066  035  00000
  27.090  034  00100
  27.090  035  00000
  27.090  034  37777
  27.112  035  77777
  27.112  034  77777
  27.136  035  77777
  27.136  005  00000
  27.146  006  00000
  27.146  012  00000
  27.146  034  04000
  27.158  035  73777
  27.158  034  73777
  27.179  035  73777
  27.179  010  00000
  27.190  034  73777
  27.191  035  73777
  27.191  034  73777
  27.213  035  73777
  27.213  034  73777
  27.237  035  73777
  27.237  005  00000
  27.247  006  00000
  27.247  012  00000
  27.247  034  04000
  27.258  035  00400
  27.258  013  00000
  27.279  034  77777
  27.279  035  77340
  27.279  013  00100
  27.291  034  00000
  27.302  035  00000
  27.302  010  00000
  27.302  034  00000
  27.323  035  00000
  27.342  005  00000
  27.344  006  00000
  27.344  012  00000
  27.344  034  00000
  27.344  035  00000
  27.344  034  00000
  27.366  035  00000
  27.366  034  00000
  27.388  035  00000
  27.388  034  00000
  27.411  035  00000
  27.412  010  00000
  27.423  033  77777
  27.423  034  00000
  27.423  035  00000
  27.423  005  00000
  27.446  006  00000
  27.446  012  00000
  27.446  034  00000
  27.446  035  00000
  27.446  034  00000
  27.469  035  00000
  27.469  034  00000
  27.482  035  00000
  27.482  034  00000
  27.503  035  00000
  27.504  034  00000
  27.536  035  00000
  27.536  005  00000
  27.547  006  00000
  27.547  012  00000
  27.547  010  00000
  27.547  034  00000
  27.558  035  00000
  27.558  034  00000
  27.571  035  00000
  27.571  034  00000
  27.592  035  00000
  27.592  034  00000
  27.616  035  00000
  27.616  034  00000
  27.638  035  00000
  27.638  005  00000
  27.649  006  00000
  27.649  012  00000
  27.649  034  00000
  27.661  035  00000
  27.662  010  00000
  27.662  034  00000
  27.673  035  00000
  27.673  034  00000
  27.694  035  00000
  27.694  034  00000
  27.716  035  00000
  27.717  034  00000
  27.738  035  00000
  27.738  005  00000
  27.751  006  00000
  27.751  012  00000
  27.751  034  00000
  27.752  035  00000
  27.752  034  00000
  27.784  035  00000
  27.784  010  00000
  27.784  034  00000
  27.806  035  00000
  27.806  034  00000
  27.829  035  00000
  27.829  005  00000
  27.840  006  00000
  27.840  012  00000
  27.840  034  00000
  27.840  035  00000
  27.840  034  00000
  27.862  035  00000
  27.862  034  00001
  27.884  035  00000
  27.884  010  00000
  27.907  033  77777
  27.907  034  00000
  27.907  035  00000
  27.907  034  00000
  27.929  035  00000
  27.930  005  00000
  27.942  006  00000
  27.942  012  00000
  27.942  034  00000
  27.942  035  00000
  27.942  034  00000
  27.964  035  00000
  27.964  034  00000
  27.988  035  00000
  27.988  034  00000
  28.015  035  00000
  28.015  010  00000
  28.025  034  00000
  28.037  035  00000
  28.037  005  00000
  28.049  006  00000
  28.049  012  00000
  28.049  034  00000
  28.050  035  00000
  28.050  034  00000
  28.073  035  00000
  28.073  034  00000
  28.095  035  02000
  28.095  034  00000
  28.116  035  00000
  28.116  034  00000
  28.137  035  00100
  28.137  005  00000
  28.148  006  00000
  28.148  012  00000
  28.148  010  00000
  28.148  034  00000
  28.161  035  00000
  28.161  034  00000
  28.171  035  40000
  28.172  034  04000
  28.193  035  73777
  28.193  034  73777
  28.217  035  73777
  28.218  034  73777
  28.239  035  73777
  28.239  005  00000
  28.249  006  00000
  28.249  012  00000
  28.250  034  73777
  28.261  035  73777
  28.261  010  00000
  28.261  034  73777
  28.272  035  73777
  28.272  034  04000
  28.304  035  00400
  28.305  013  00000
  28.326  034  00000
  28.326  035  05730
  28.354  005  00000
  28.354  006  00000
  28.354  012  00000
  28.354  013  00100
  28.354  034  00000
  28.354  035  00000
  28.354  034  00000
  28.362  035  00000
  28.362  010  00000
  28.384  033  77777
  28.384  034  00000
  28.384  035  00000
  28.384  034  00000
  28.407  035  00000
  28.407  034  00000
  28.429  035  00000
  28.429  005  00000
  28.442  006  00000
  28.442  012  00000
  28.442  034  00000
  28.442  035  00000
  28.442  034  00000
  28.477  035  00000
  28.477  034  00000
  28.498  035  00000
  28.499  010  00000
  28.509  034  00000
  28.520  035  00000
  28.521  034  00000
  28.534  035  00000
  28.534  005  00000
  28.545  006  00000
  28.545  012  00000
  28.545  034  00000
  28.556  035  01107
  28.556  034  00000
  28.579  035  00000
  28.579  034  00142
  28.590  035  21316
  28.590  034  00000
  28.612  035  00000
  28.612  010  00000
  28.623  034  00000
  28.634  035  00000
  28.634  005  00000
  28.644  006  00000
  28.644  012  00000
  28.644  034  00000
  28.656  035  00000
  28.656  034  00000
  28.678  035  00000
  28.678  034  00000
  28.700  035  00000
  28.700  034  00000
  28.722  035  00000
  28.722  005  00000
  28.745  006  00000
  28.745  012  00000
  28.745  010  00000
  28.745  034  00000
  28.745  035  00000
  28.745  034  00000
  28.768  035  00000
  28.768  034  00000
  28.791  035  00000
  28.791  034  00000
  28.802  035  00000
  28.802  034  00000
  28.826  035  00000
  28.826  005  00000
  28.846  006  00000
  28.846  012  00000
  28.847  034  00000
  28.847  035  00000
  28.847  010  00000
  28.871  033  77777
  28.871  034  00000
  28.872  035  00000
  28.872  034  00000
  28.893  035  00000
  28.893  034  00000
  28.916  035  00000
